0	2.000000
1	3.000000
2	4.000000
3	5.000000
4	2.000000
5	3.000000
6	3.500000
7	4.000000
8	4.500000
9	5.000000
10	5.500000
11	3.250000
12	3.750000
13	4.250000
14	2.625000
15	3.125000
16	3.625000
17	4.125000
18	4.625000
19	5.125000
20	5.625000
21	6.125000
22	6.625000
23	7.125000
24	2.000000
25	3.000000
26	2.000000
27	2.500000
28	3.000000
29	3.500000
30	4.000000
31	4.500000
32	5.000000
33	5.500000
34	6.000000
35	6.500000
36	7.000000
37	7.500000
38	8.000000
39	8.500000
40	9.000000
41	9.500000
42	10.000000
43	2.000000
44	1.500000
45	2.000000
46	2.000000
47	2.500000
48	3.000000
49	3.500000
